00 00   00 01 02 a5 fb 3a 00 01 02 a5 fc 8d 08 00 45 00
00 10   00 3c ec 26 40 00 40 06 cc cd 0a 21 b6 b6 84 e3
00 20   3c 0d 0e b5 00 50 a9 55 92 64 00 00 00 00 a0 02
00 30   3e bc a3 74 00 00 02 04 05 b4 04 02 08 0a 08 39
00 40   91 16 00 00 00 00 01 03 03 02
00 00   00 01 02 a5 fb 3a 00 01 02 a5 fc 8d 08 00 45 00
00 10   00 3c ec 26 40 00 40 06 cc cd 0a 21 b6 b6 c0 21
00 20   9f 06 0e b5 00 50 a9 55 92 64 00 00 00 00 a0 02
00 30   3e bc a3 74 00 00 02 04 05 b4 04 02 08 0a 08 39
00 40   91 16 00 00 00 00 01 03 03 02
00 00   08 00 20 0a ac 96 08 00 20 0a 70 66 08 00 4f 00
00 10   00 7c cb c9 00 00 ff 01 b9 7f 84 e3 3d 05 c0 21
00 20   9f 06 07 27 04 00 00 00 00 00 00 00 00 00 00 00
00 30   00 00 00 00 00 00 00 00 00 00 00 00 00 00 00 00
00 40   00 00 00 00 00 00 00 00 00 00 08 00 a2 56 2f 00
00 50   00 00 29 36 8c 41 00 03 86 2b 08 09 0a 0b 0c 0d
00 60   0e 0f 10 11 12 13 14 15 16 17 18 19 1a 1b 1c 1d
00 70   1e 1f 20 21 22 23 24 25 26 27 28 29 2a 2b 2c 2d
00 80   2e 2f 30 31 32 33 34 35 36 37
00 00   00 01 02 a5 fb 3a 00 01 02 a5 fc 8d 08 00 45 00
00 10   00 3c ec 26 40 00 40 06 cc cd 0a 21 b6 b6 84 e3
00 20   3d 05 0e b5 00 50 a9 55 92 64 00 00 00 00 a0 02
00 30   3e bc a3 74 00 00 02 04 05 b4 04 02 08 0a 08 39
00 40   91 16 00 00 00 00 01 03 03 02
00 00   08 00 20 0a ac 96 08 00 20 0a 70 66 08 00 4f 00
00 10   00 7c cb c9 00 00 ff 01 b9 7f 84 e3 3d 05 84 e3
00 20   3c 0d 07 27 04 00 00 00 00 00 00 00 00 00 00 00
00 30   00 00 00 00 00 00 00 00 00 00 00 00 00 00 00 00
00 40   00 00 00 00 00 00 00 00 00 00 08 00 a2 56 2f 00
00 50   00 00 29 36 8c 41 00 03 86 2b 08 09 0a 0b 0c 0d
00 60   0e 0f 10 11 12 13 14 15 16 17 18 19 1a 1b 1c 1d
00 70   1e 1f 20 21 22 23 24 25 26 27 28 29 2a 2b 2c 2d
00 80   2e 2f 30 31 32 33 34 35 36 37
00 00   00 01 02 a5 fb 3a 00 01 02 a5 fc 8d 08 00 45 00
00 10   00 3c ec 26 40 00 40 06 cc cd c0 21 9f 06 0a 21
00 20   b6 b6 0e b5 00 50 a9 55 92 64 00 00 00 00 a0 02
00 30   3e bc a3 74 00 00 02 04 05 b4 04 02 08 0a 08 39
00 40   91 16 00 00 00 00 01 03 03 02
00 00   00 01 02 a5 fb 3a 00 01 02 a5 fc 8d 08 00 45 00
00 10   00 3c ec 26 40 00 40 06 cc cd 84 e3 3d 05 84 e3
00 20   3c 0d 0e b5 00 50 a9 55 92 64 00 00 00 00 a0 02
00 30   3e bc a3 74 00 00 02 04 05 b4 04 02 08 0a 08 39
00 40   91 16 00 00 00 00 01 03 03 02
00 00   08 00 20 0a ac 96 08 00 20 0a 70 66 08 00 4f 00
00 10   00 7c cb c9 00 00 ff 01 b9 7f 84 e3 3c 0d 84 e3 
00 20   3d 05 07 27 04 00 00 00 00 00 00 00 00 00 00 00
00 30   00 00 00 00 00 00 00 00 00 00 00 00 00 00 00 00
00 40   00 00 00 00 00 00 00 00 00 00 08 00 a2 56 2f 00
00 50   00 00 29 36 8c 41 00 03 86 2b 08 09 0a 0b 0c 0d
00 60   0e 0f 10 11 12 13 14 15 16 17 18 19 1a 1b 1c 1d
00 70   1e 1f 20 21 22 23 24 25 26 27 28 29 2a 2b 2c 2d
00 80   2e 2f 30 31 32 33 34 35 36 37
00 00   08 00 20 0a ac 96 08 00 20 0a 70 66 08 00 4f 00
00 10   00 7c cb c9 00 00 ff 01 b9 7f 84 e3 3c 0d c0 21
00 20   9f 06 07 27 04 00 00 00 00 00 00 00 00 00 00 00
00 30   00 00 00 00 00 00 00 00 00 00 00 00 00 00 00 00
00 40   00 00 00 00 00 00 00 00 00 00 08 00 a2 56 2f 00
00 50   00 00 29 36 8c 41 00 03 86 2b 08 09 0a 0b 0c 0d
00 60   0e 0f 10 11 12 13 14 15 16 17 18 19 1a 1b 1c 1d
00 70   1e 1f 20 21 22 23 24 25 26 27 28 29 2a 2b 2c 2d
00 80   2e 2f 30 31 32 33 34 35 36 37
00 00   08 00 20 0a ac 96 08 00 20 0a 70 66 08 00 4f 00
00 10   00 7c cb c9 00 00 ff 01 b9 7f 84 e3 3c 0d c0 21
00 20   9f 06 07 27 04 00 00 00 00 00 00 00 00 00 00 00
00 30   00 00 00 00 00 00 00 00 00 00 00 00 00 00 00 00
00 40   00 00 00 00 00 00 00 00 00 00 08 00 a2 56 2f 00
00 50   00 00 29 36 8c 41 00 03 86 2b 08 09 0a 0b 0c 0d
00 60   0e 0f 10 11 12 13 14 15 16 17 18 19 1a 1b 1c 1d
00 70   1e 1f 20 21 22 23 24 25 26 27 28 29 2a 2b 2c 2d
00 80   2e 2f 30 31 32 33 34 35 36 37
00 00   08 00 20 0a ac 96 08 00 20 0a 70 66 08 00 4f 00
00 10   00 7c cb c9 00 00 ff 01 b9 7f 84 e3 3c 0d c0 21
00 20   9f 06 07 27 04 00 00 00 00 00 00 00 00 00 00 00
00 30   00 00 00 00 00 00 00 00 00 00 00 00 00 00 00 00
00 40   00 00 00 00 00 00 00 00 00 00 08 00 a2 56 2f 00
00 50   00 00 29 36 8c 41 00 03 86 2b 08 09 0a 0b 0c 0d
00 60   0e 0f 10 11 12 13 14 15 16 17 18 19 1a 1b 1c 1d
00 70   1e 1f 20 21 22 23 24 25 26 27 28 29 2a 2b 2c 2d
00 80   2e 2f 30 31 32 33 34 35 36 37
00 00   08 00 20 0a ac 96 08 00 20 0a 70 66 08 00 4f 00
00 10   00 7c cb c9 00 00 ff 01 b9 7f 84 e3 3c 0d c0 21
00 20   9f 06 07 27 04 00 00 00 00 00 00 00 00 00 00 00
00 30   00 00 00 00 00 00 00 00 00 00 00 00 00 00 00 00
00 40   00 00 00 00 00 00 00 00 00 00 08 00 a2 56 2f 00
00 50   00 00 29 36 8c 41 00 03 86 2b 08 09 0a 0b 0c 0d
00 60   0e 0f 10 11 12 13 14 15 16 17 18 19 1a 1b 1c 1d
00 70   1e 1f 20 21 22 23 24 25 26 27 28 29 2a 2b 2c 2d
00 80   2e 2f 30 31 32 33 34 35 36 37
00 00   08 00 20 0a ac 96 08 00 20 0a 70 66 08 00 4f 00
00 10   00 7c cb c9 00 00 ff 01 b9 7f 84 e3 3c 0d c0 21
00 20   9f 06 07 27 04 00 00 00 00 00 00 00 00 00 00 00
00 30   00 00 00 00 00 00 00 00 00 00 00 00 00 00 00 00
00 40   00 00 00 00 00 00 00 00 00 00 08 00 a2 56 2f 00
00 50   00 00 29 36 8c 41 00 03 86 2b 08 09 0a 0b 0c 0d
00 60   0e 0f 10 11 12 13 14 15 16 17 18 19 1a 1b 1c 1d
00 70   1e 1f 20 21 22 23 24 25 26 27 28 29 2a 2b 2c 2d
00 80   2e 2f 30 31 32 33 34 35 36 37
00 00   08 00 20 0a ac 96 08 00 20 0a 70 66 08 00 4f 00
00 10   00 7c cb c9 00 00 ff 01 b9 7f 84 e3 3c 0d c0 21
00 20   9f 06 07 27 04 00 00 00 00 00 00 00 00 00 00 00
00 30   00 00 00 00 00 00 00 00 00 00 00 00 00 00 00 00
00 40   00 00 00 00 00 00 00 00 00 00 08 00 a2 56 2f 00
00 50   00 00 29 36 8c 41 00 03 86 2b 08 09 0a 0b 0c 0d
00 60   0e 0f 10 11 12 13 14 15 16 17 18 19 1a 1b 1c 1d
00 70   1e 1f 20 21 22 23 24 25 26 27 28 29 2a 2b 2c 2d
00 80   2e 2f 30 31 32 33 34 35 36 37
00 00   08 00 20 0a ac 96 08 00 20 0a 70 66 08 00 4f 00
00 10   00 7c cb c9 00 00 ff 01 b9 7f 84 e3 3c 0d c0 21
00 20   9f 06 07 27 04 00 00 00 00 00 00 00 00 00 00 00
00 30   00 00 00 00 00 00 00 00 00 00 00 00 00 00 00 00
00 40   00 00 00 00 00 00 00 00 00 00 08 00 a2 56 2f 00
00 50   00 00 29 36 8c 41 00 03 86 2b 08 09 0a 0b 0c 0d
00 60   0e 0f 10 11 12 13 14 15 16 17 18 19 1a 1b 1c 1d
00 70   1e 1f 20 21 22 23 24 25 26 27 28 29 2a 2b 2c 2d
00 80   2e 2f 30 31 32 33 34 35 36 37
00 00   08 00 20 0a ac 96 08 00 20 0a 70 66 08 00 4f 00
00 10   00 7c cb c9 00 00 ff 01 b9 7f 84 e3 3c 0d c0 21
00 20   9f 06 07 27 04 00 00 00 00 00 00 00 00 00 00 00
00 30   00 00 00 00 00 00 00 00 00 00 00 00 00 00 00 00
00 40   00 00 00 00 00 00 00 00 00 00 08 00 a2 56 2f 00
00 50   00 00 29 36 8c 41 00 03 86 2b 08 09 0a 0b 0c 0d
00 60   0e 0f 10 11 12 13 14 15 16 17 18 19 1a 1b 1c 1d
00 70   1e 1f 20 21 22 23 24 25 26 27 28 29 2a 2b 2c 2d
00 80   2e 2f 30 31 32 33 34 35 36 37
00 00   08 00 20 0a ac 96 08 00 20 0a 70 66 08 00 4f 00
00 10   00 7c cb c9 00 00 ff 01 b9 7f 84 e3 3c 0d c0 21
00 20   9f 06 07 27 04 00 00 00 00 00 00 00 00 00 00 00
00 30   00 00 00 00 00 00 00 00 00 00 00 00 00 00 00 00
00 40   00 00 00 00 00 00 00 00 00 00 08 00 a2 56 2f 00
00 50   00 00 29 36 8c 41 00 03 86 2b 08 09 0a 0b 0c 0d
00 60   0e 0f 10 11 12 13 14 15 16 17 18 19 1a 1b 1c 1d
00 70   1e 1f 20 21 22 23 24 25 26 27 28 29 2a 2b 2c 2d
00 80   2e 2f 30 31 32 33 34 35 36 37
00 00   08 00 20 0a ac 96 08 00 20 0a 70 66 08 00 4f 00
00 10   00 7c cb c9 00 00 ff 01 b9 7f 84 e3 3c 0d c0 21
00 20   9f 06 07 27 04 00 00 00 00 00 00 00 00 00 00 00
00 30   00 00 00 00 00 00 00 00 00 00 00 00 00 00 00 00
00 40   00 00 00 00 00 00 00 00 00 00 08 00 a2 56 2f 00
00 50   00 00 29 36 8c 41 00 03 86 2b 08 09 0a 0b 0c 0d
00 60   0e 0f 10 11 12 13 14 15 16 17 18 19 1a 1b 1c 1d
00 70   1e 1f 20 21 22 23 24 25 26 27 28 29 2a 2b 2c 2d
00 80   2e 2f 30 31 32 33 34 35 36 37
00 00   08 00 20 0a ac 96 08 00 20 0a 70 66 08 00 4f 00
00 10   00 7c cb c9 00 00 ff 01 b9 7f 84 e3 3c 0d c0 21
00 20   9f 06 07 27 04 00 00 00 00 00 00 00 00 00 00 00
00 30   00 00 00 00 00 00 00 00 00 00 00 00 00 00 00 00
00 40   00 00 00 00 00 00 00 00 00 00 08 00 a2 56 2f 00
00 50   00 00 29 36 8c 41 00 03 86 2b 08 09 0a 0b 0c 0d
00 60   0e 0f 10 11 12 13 14 15 16 17 18 19 1a 1b 1c 1d
00 70   1e 1f 20 21 22 23 24 25 26 27 28 29 2a 2b 2c 2d
00 80   2e 2f 30 31 32 33 34 35 36 37
00 00   08 00 20 0a ac 96 08 00 20 0a 70 66 08 00 4f 00
00 10   00 7c cb c9 00 00 ff 01 b9 7f 84 e3 3c 0d c0 21
00 20   9f 06 07 27 04 00 00 00 00 00 00 00 00 00 00 00
00 30   00 00 00 00 00 00 00 00 00 00 00 00 00 00 00 00
00 40   00 00 00 00 00 00 00 00 00 00 08 00 a2 56 2f 00
00 50   00 00 29 36 8c 41 00 03 86 2b 08 09 0a 0b 0c 0d
00 60   0e 0f 10 11 12 13 14 15 16 17 18 19 1a 1b 1c 1d
00 70   1e 1f 20 21 22 23 24 25 26 27 28 29 2a 2b 2c 2d
00 80   2e 2f 30 31 32 33 34 35 36 37
00 00   08 00 20 0a ac 96 08 00 20 0a 70 66 08 00 4f 00
00 10   00 7c cb c9 00 00 ff 01 b9 7f 84 e3 3c 0d c0 21
00 20   9f 06 07 27 04 00 00 00 00 00 00 00 00 00 00 00
00 30   00 00 00 00 00 00 00 00 00 00 00 00 00 00 00 00
00 40   00 00 00 00 00 00 00 00 00 00 08 00 a2 56 2f 00
00 50   00 00 29 36 8c 41 00 03 86 2b 08 09 0a 0b 0c 0d
00 60   0e 0f 10 11 12 13 14 15 16 17 18 19 1a 1b 1c 1d
00 70   1e 1f 20 21 22 23 24 25 26 27 28 29 2a 2b 2c 2d
00 80   2e 2f 30 31 32 33 34 35 36 37
00 00   08 00 20 0a ac 96 08 00 20 0a 70 66 08 00 4f 00
00 10   00 7c cb c9 00 00 ff 01 b9 7f 84 e3 3c 0d c0 21
00 20   9f 06 07 27 04 00 00 00 00 00 00 00 00 00 00 00
00 30   00 00 00 00 00 00 00 00 00 00 00 00 00 00 00 00
00 40   00 00 00 00 00 00 00 00 00 00 08 00 a2 56 2f 00
00 50   00 00 29 36 8c 41 00 03 86 2b 08 09 0a 0b 0c 0d
00 60   0e 0f 10 11 12 13 14 15 16 17 18 19 1a 1b 1c 1d
00 70   1e 1f 20 21 22 23 24 25 26 27 28 29 2a 2b 2c 2d
00 80   2e 2f 30 31 32 33 34 35 36 37
00 00   08 00 20 0a ac 96 08 00 20 0a 70 66 08 00 4f 00
00 10   00 7c cb c9 00 00 ff 01 b9 7f 84 e3 3c 0d c0 21
00 20   9f 06 07 27 04 00 00 00 00 00 00 00 00 00 00 00
00 30   00 00 00 00 00 00 00 00 00 00 00 00 00 00 00 00
00 40   00 00 00 00 00 00 00 00 00 00 08 00 a2 56 2f 00
00 50   00 00 29 36 8c 41 00 03 86 2b 08 09 0a 0b 0c 0d
00 60   0e 0f 10 11 12 13 14 15 16 17 18 19 1a 1b 1c 1d
00 70   1e 1f 20 21 22 23 24 25 26 27 28 29 2a 2b 2c 2d
00 80   2e 2f 30 31 32 33 34 35 36 37
00 00   08 00 20 0a ac 96 08 00 20 0a 70 66 08 00 4f 00
00 10   00 7c cb c9 00 00 ff 01 b9 7f 84 e3 3c 0d c0 21
00 20   9f 06 07 27 04 00 00 00 00 00 00 00 00 00 00 00
00 30   00 00 00 00 00 00 00 00 00 00 00 00 00 00 00 00
00 40   00 00 00 00 00 00 00 00 00 00 08 00 a2 56 2f 00
00 50   00 00 29 36 8c 41 00 03 86 2b 08 09 0a 0b 0c 0d
00 60   0e 0f 10 11 12 13 14 15 16 17 18 19 1a 1b 1c 1d
00 70   1e 1f 20 21 22 23 24 25 26 27 28 29 2a 2b 2c 2d
00 80   2e 2f 30 31 32 33 34 35 36 37